PosX=332.006439
PosY=-1799.964477
PosZ=5.682158
PosR=80.000000
VW=0
Name=Public_Garage
Reason=Avoid DM
Created=Hephaestus_W._Lynch
