PosX=2113.904296
PosY=-1790.949584
PosZ=12.833939
PosR=100.000000
VW=0
Name=Safezone
Reason=Avoid_DM
Created=Khrid_Lazarus
