PosX=1062.660644
PosY=1759.217285
PosZ=10.820312
PosR=120.000000
VW=0
Name=Mechanic_Shop
Reason=To avoid DM
Created=Khrid_Lazarus
