PosX=379.348144
PosY=-2067.841796
PosZ=7.835937
PosR=50.000000
VW=0
Name=Fishing
Reason=No DM
Created=Noah_R._Lynch
