PosX=358.570587
PosY=173.680953
PosZ=1008.389343
PosR=50.000000
VW=1
Name=CityHall
Reason=to avoid DM
Created=Hephaestus_V._Lynch
