PosX=1179.401367
PosY=-1323.328002
PosZ=14.167635
PosR=20.000000
VW=0
Name=Safezone
Reason=Avoid_DM
Created=Khrid_Lazarus
