PosX=-280.886932
PosY=-1365.436279
PosZ=9.548130
PosR=175.000000
VW=0
Name=JOB_Safezone
Reason=Avoid DM Cases
Created=Hephaestus_V._Lynch
