PosX=-2028.009643
PosY=-116.964294
PosZ=1038.796752
PosR=50.000000
VW=4000359
Name=classroom
Reason=To Avoid DM
Created=Khrid_Lazarus
