PosX=1141.460937
PosY=1288.280761
PosZ=10.820312
PosR=150.000000
VW=0
Name=MechanicShop
Reason=to avoid dm
Created=Hephaestus_V._Lynch
