PosX=2148.371337
PosY=-2730.356933
PosZ=1202.139526
PosR=80.000000
VW=99
Name=School
Reason=AvoidDm
Created=Khrid_Lazarus
