PosX=855.156127
PosY=-589.922058
PosZ=17.961050
PosR=100.000000
VW=0
Name=SAFEZONE
Reason=IWAS DM
Created=Hephaestus_W._Lynch
