PosX=2021.112426
PosY=-1427.162841
PosZ=14.051176
PosR=50.000000
VW=0
Name=SAFE
Reason=ZONE
Created=Noah_R._Lynch
