PosX=211.843826
PosY=1883.639160
PosZ=369.308593
PosR=80.000000
VW=2
Name=HP
Reason=A/S Avoid DM
Created=Hephaestus_W._Lynch
