PosX=1169.591796
PosY=-1343.291259
PosZ=2423.046142
PosR=75.000000
VW=3
Name=AllSaints
Reason=To avoid DM
Created=Hephaestus_V._Lynch
