PosX=2353.954101
PosY=-1167.426879
PosZ=27.677606
PosR=50.000000
VW=0
Name=Crack
Reason=Lab Avoid DM
Created=Noah_R._Lynch
