PosX=1480.325683
PosY=-1749.420654
PosZ=15.445312
PosR=50.000000
VW=0
Name=CityHall
Reason=to avoid DM
Created=Hephaestus_V._Lynch
