PosX=211.689193
PosY=1883.666503
PosZ=369.308593
PosR=80.000000
VW=1
Name=HP_Gen._County
Reason=Avoid DM
Created=Hephaestus_W._Lynch
