PosX=1672.121215
PosY=-1657.154052
PosZ=905.319458
PosR=30.000000
VW=99
Name=Auditorium
Reason=Avoid Dm
Created=Khrid_Lazarus
