PosX=1622.791870
PosY=-1813.690185
PosZ=13.520962
PosR=75.000000
VW=0
Name=JOB_Safezone
Reason=Avoid DM Cases
Created=Hephaestus_V._Lynch
