PosX=212.266738
PosY=1883.506713
PosZ=369.308593
PosR=80.000000
VW=3
Name=HP_Dilimore
Reason=Avoid DM
Created=Hephaestus_W._Lynch
