PosX=1169.547119
PosY=-1343.277954
PosZ=2423.046142
PosR=75.000000
VW=1
Name=SAFEZONE
Reason=AVOID DM
Created=Hephaestus_V._Lynch
