PosX=1233.086181
PosY=-1660.273803
PosZ=22.255937
PosR=100.000000
VW=0
Name=VIP
Reason=Safezone To avoid DM
Created=Hephaestus_V._Lynch
